0 Neobot Controller (approx)
0 Name: nb_controller.dat
0 Author: neobot-class
0 !LDRAW_ORG Unofficial_Part
0 BFC NOCERTIFY
4 151 -100 12 -100 -100 72 -100 -100 72 100 -100 12 100
4 151 100 12 -100 100 12 100 100 72 100 100 72 -100
4 151 -100 72 -100 100 72 -100 100 72 100 -100 72 100
4 151 -100 12 -100 100 12 -100 100 72 -100 -100 72 -100
4 151 -100 12 100 -100 72 100 100 72 100 100 12 100
2 24 -100 12 -100 -100 12 100
2 24 -100 12 -100 -100 72 -100
2 24 -100 12 -100 100 12 -100
2 24 -100 12 100 -100 72 100
2 24 -100 12 100 100 12 100
2 24 -100 72 -100 -100 72 100
2 24 -100 72 -100 100 72 -100
2 24 -100 72 100 100 72 100
2 24 100 12 -100 100 12 100
2 24 100 12 -100 100 72 -100
2 24 100 12 100 100 72 100
2 24 100 72 -100 100 72 100
4 151 -100 0 -100 -100 12 -100 -100 12 100 -100 0 100
4 151 -60 0 -100 -60 0 100 -60 12 100 -60 12 -100
4 151 -100 0 -100 -100 0 100 -60 0 100 -60 0 -100
4 151 -100 12 -100 -60 12 -100 -60 12 100 -100 12 100
4 151 -100 0 -100 -60 0 -100 -60 12 -100 -100 12 -100
4 151 -100 0 100 -100 12 100 -60 12 100 -60 0 100
2 24 -100 0 -100 -100 0 100
2 24 -100 0 -100 -100 12 -100
2 24 -100 0 -100 -60 0 -100
2 24 -100 0 100 -100 12 100
2 24 -100 0 100 -60 0 100
2 24 -100 12 -100 -100 12 100
2 24 -100 12 -100 -60 12 -100
2 24 -100 12 100 -60 12 100
2 24 -60 0 -100 -60 0 100
2 24 -60 0 -100 -60 12 -100
2 24 -60 0 100 -60 12 100
2 24 -60 12 -100 -60 12 100
4 151 60 0 -100 60 12 -100 60 12 100 60 0 100
4 151 100 0 -100 100 0 100 100 12 100 100 12 -100
4 151 60 0 -100 60 0 100 100 0 100 100 0 -100
4 151 60 12 -100 100 12 -100 100 12 100 60 12 100
4 151 60 0 -100 100 0 -100 100 12 -100 60 12 -100
4 151 60 0 100 60 12 100 100 12 100 100 0 100
2 24 60 0 -100 60 0 100
2 24 60 0 -100 60 12 -100
2 24 60 0 -100 100 0 -100
2 24 60 0 100 60 12 100
2 24 60 0 100 100 0 100
2 24 60 12 -100 60 12 100
2 24 60 12 -100 100 12 -100
2 24 60 12 100 100 12 100
2 24 100 0 -100 100 0 100
2 24 100 0 -100 100 12 -100
2 24 100 0 100 100 12 100
2 24 100 12 -100 100 12 100
4 2 -60 9 -96 -60 9 96 60 9 96 60 9 -96
2 24 -60 9 -96 -60 9 96
2 24 -60 9 -96 -60 10 -96
2 24 -60 9 -96 60 9 -96
2 24 -60 9 96 -60 10 96
2 24 -60 9 96 60 9 96
2 24 -60 10 -96 -60 10 96
2 24 -60 10 -96 60 10 -96
2 24 -60 10 96 60 10 96
2 24 60 9 -96 60 9 96
2 24 60 9 -96 60 10 -96
2 24 60 9 96 60 10 96
2 24 60 10 -96 60 10 96
4 34 -60 2 -100 -60 2 100 60 2 100 60 2 -100
4 34 -60 2 -100 60 2 -100 60 12 -100 -60 12 -100
4 34 -60 2 100 -60 12 100 60 12 100 60 2 100
2 24 -60 2 -100 -60 2 100
2 24 -60 2 -100 -60 12 -100
2 24 -60 2 -100 60 2 -100
2 24 -60 2 100 -60 12 100
2 24 -60 2 100 60 2 100
2 24 -60 12 -100 -60 12 100
2 24 -60 12 -100 60 12 -100
2 24 -60 12 100 60 12 100
2 24 60 2 -100 60 2 100
2 24 60 2 -100 60 12 -100
2 24 60 2 100 60 12 100
2 24 60 12 -100 60 12 100
1 16 -90 0 -90 1 0 0 0 1 0 0 0 1 stud.dat
1 16 -90 0 -70 1 0 0 0 1 0 0 0 1 stud.dat
1 16 -90 0 -50 1 0 0 0 1 0 0 0 1 stud.dat
1 16 -90 0 -30 1 0 0 0 1 0 0 0 1 stud.dat
1 16 -90 0 -10 1 0 0 0 1 0 0 0 1 stud.dat
1 16 -90 0 10 1 0 0 0 1 0 0 0 1 stud.dat
1 16 -90 0 30 1 0 0 0 1 0 0 0 1 stud.dat
1 16 -90 0 50 1 0 0 0 1 0 0 0 1 stud.dat
1 16 -90 0 70 1 0 0 0 1 0 0 0 1 stud.dat
1 16 -90 0 90 1 0 0 0 1 0 0 0 1 stud.dat
1 16 -70 0 -90 1 0 0 0 1 0 0 0 1 stud.dat
1 16 -70 0 -70 1 0 0 0 1 0 0 0 1 stud.dat
1 16 -70 0 -50 1 0 0 0 1 0 0 0 1 stud.dat
1 16 -70 0 -30 1 0 0 0 1 0 0 0 1 stud.dat
1 16 -70 0 -10 1 0 0 0 1 0 0 0 1 stud.dat
1 16 -70 0 10 1 0 0 0 1 0 0 0 1 stud.dat
1 16 -70 0 30 1 0 0 0 1 0 0 0 1 stud.dat
1 16 -70 0 50 1 0 0 0 1 0 0 0 1 stud.dat
1 16 -70 0 70 1 0 0 0 1 0 0 0 1 stud.dat
1 16 -70 0 90 1 0 0 0 1 0 0 0 1 stud.dat
1 16 70 0 -90 1 0 0 0 1 0 0 0 1 stud.dat
1 16 70 0 -70 1 0 0 0 1 0 0 0 1 stud.dat
1 16 70 0 -50 1 0 0 0 1 0 0 0 1 stud.dat
1 16 70 0 -30 1 0 0 0 1 0 0 0 1 stud.dat
1 16 70 0 -10 1 0 0 0 1 0 0 0 1 stud.dat
1 16 70 0 10 1 0 0 0 1 0 0 0 1 stud.dat
1 16 70 0 30 1 0 0 0 1 0 0 0 1 stud.dat
1 16 70 0 50 1 0 0 0 1 0 0 0 1 stud.dat
1 16 70 0 70 1 0 0 0 1 0 0 0 1 stud.dat
1 16 70 0 90 1 0 0 0 1 0 0 0 1 stud.dat
1 16 90 0 -90 1 0 0 0 1 0 0 0 1 stud.dat
1 16 90 0 -70 1 0 0 0 1 0 0 0 1 stud.dat
1 16 90 0 -50 1 0 0 0 1 0 0 0 1 stud.dat
1 16 90 0 -30 1 0 0 0 1 0 0 0 1 stud.dat
1 16 90 0 -10 1 0 0 0 1 0 0 0 1 stud.dat
1 16 90 0 10 1 0 0 0 1 0 0 0 1 stud.dat
1 16 90 0 30 1 0 0 0 1 0 0 0 1 stud.dat
1 16 90 0 50 1 0 0 0 1 0 0 0 1 stud.dat
1 16 90 0 70 1 0 0 0 1 0 0 0 1 stud.dat
1 16 90 0 90 1 0 0 0 1 0 0 0 1 stud.dat
1 0 -100.3 16 -60 0 6 0 0 0 6 6 0 0 4-4disc.dat
1 24 -100.3 16 -60 0 6 0 0 0 6 6 0 0 4-4edge.dat
1 0 -100.3 36 -60 0 6 0 0 0 6 6 0 0 4-4disc.dat
1 24 -100.3 36 -60 0 6 0 0 0 6 6 0 0 4-4edge.dat
1 0 -100.3 56 -60 0 6 0 0 0 6 6 0 0 4-4disc.dat
1 24 -100.3 56 -60 0 6 0 0 0 6 6 0 0 4-4edge.dat
1 0 -100.3 16 -40 0 6 0 0 0 6 6 0 0 4-4disc.dat
1 24 -100.3 16 -40 0 6 0 0 0 6 6 0 0 4-4edge.dat
1 0 -100.3 36 -40 0 6 0 0 0 6 6 0 0 4-4disc.dat
1 24 -100.3 36 -40 0 6 0 0 0 6 6 0 0 4-4edge.dat
1 0 -100.3 56 -40 0 6 0 0 0 6 6 0 0 4-4disc.dat
1 24 -100.3 56 -40 0 6 0 0 0 6 6 0 0 4-4edge.dat
1 0 -100.3 16 -20 0 6 0 0 0 6 6 0 0 4-4disc.dat
1 24 -100.3 16 -20 0 6 0 0 0 6 6 0 0 4-4edge.dat
1 0 -100.3 36 -20 0 6 0 0 0 6 6 0 0 4-4disc.dat
1 24 -100.3 36 -20 0 6 0 0 0 6 6 0 0 4-4edge.dat
1 0 -100.3 56 -20 0 6 0 0 0 6 6 0 0 4-4disc.dat
1 24 -100.3 56 -20 0 6 0 0 0 6 6 0 0 4-4edge.dat
1 0 -100.3 16 0 0 6 0 0 0 6 6 0 0 4-4disc.dat
1 24 -100.3 16 0 0 6 0 0 0 6 6 0 0 4-4edge.dat
1 0 -100.3 36 0 0 6 0 0 0 6 6 0 0 4-4disc.dat
1 24 -100.3 36 0 0 6 0 0 0 6 6 0 0 4-4edge.dat
1 0 -100.3 56 0 0 6 0 0 0 6 6 0 0 4-4disc.dat
1 24 -100.3 56 0 0 6 0 0 0 6 6 0 0 4-4edge.dat
1 0 -100.3 16 20 0 6 0 0 0 6 6 0 0 4-4disc.dat
1 24 -100.3 16 20 0 6 0 0 0 6 6 0 0 4-4edge.dat
1 0 -100.3 36 20 0 6 0 0 0 6 6 0 0 4-4disc.dat
1 24 -100.3 36 20 0 6 0 0 0 6 6 0 0 4-4edge.dat
1 0 -100.3 56 20 0 6 0 0 0 6 6 0 0 4-4disc.dat
1 24 -100.3 56 20 0 6 0 0 0 6 6 0 0 4-4edge.dat
1 0 -100.3 16 40 0 6 0 0 0 6 6 0 0 4-4disc.dat
1 24 -100.3 16 40 0 6 0 0 0 6 6 0 0 4-4edge.dat
1 0 -100.3 36 40 0 6 0 0 0 6 6 0 0 4-4disc.dat
1 24 -100.3 36 40 0 6 0 0 0 6 6 0 0 4-4edge.dat
1 0 -100.3 56 40 0 6 0 0 0 6 6 0 0 4-4disc.dat
1 24 -100.3 56 40 0 6 0 0 0 6 6 0 0 4-4edge.dat
1 0 -100.3 16 60 0 6 0 0 0 6 6 0 0 4-4disc.dat
1 24 -100.3 16 60 0 6 0 0 0 6 6 0 0 4-4edge.dat
1 0 -100.3 36 60 0 6 0 0 0 6 6 0 0 4-4disc.dat
1 24 -100.3 36 60 0 6 0 0 0 6 6 0 0 4-4edge.dat
1 0 -100.3 56 60 0 6 0 0 0 6 6 0 0 4-4disc.dat
1 24 -100.3 56 60 0 6 0 0 0 6 6 0 0 4-4edge.dat
1 0 100.3 16 -60 0 6 0 0 0 6 6 0 0 4-4disc.dat
1 24 100.3 16 -60 0 6 0 0 0 6 6 0 0 4-4edge.dat
1 0 100.3 36 -60 0 6 0 0 0 6 6 0 0 4-4disc.dat
1 24 100.3 36 -60 0 6 0 0 0 6 6 0 0 4-4edge.dat
1 0 100.3 56 -60 0 6 0 0 0 6 6 0 0 4-4disc.dat
1 24 100.3 56 -60 0 6 0 0 0 6 6 0 0 4-4edge.dat
1 0 100.3 16 -40 0 6 0 0 0 6 6 0 0 4-4disc.dat
1 24 100.3 16 -40 0 6 0 0 0 6 6 0 0 4-4edge.dat
1 0 100.3 36 -40 0 6 0 0 0 6 6 0 0 4-4disc.dat
1 24 100.3 36 -40 0 6 0 0 0 6 6 0 0 4-4edge.dat
1 0 100.3 56 -40 0 6 0 0 0 6 6 0 0 4-4disc.dat
1 24 100.3 56 -40 0 6 0 0 0 6 6 0 0 4-4edge.dat
1 0 100.3 16 -20 0 6 0 0 0 6 6 0 0 4-4disc.dat
1 24 100.3 16 -20 0 6 0 0 0 6 6 0 0 4-4edge.dat
1 0 100.3 36 -20 0 6 0 0 0 6 6 0 0 4-4disc.dat
1 24 100.3 36 -20 0 6 0 0 0 6 6 0 0 4-4edge.dat
1 0 100.3 56 -20 0 6 0 0 0 6 6 0 0 4-4disc.dat
1 24 100.3 56 -20 0 6 0 0 0 6 6 0 0 4-4edge.dat
1 0 100.3 16 0 0 6 0 0 0 6 6 0 0 4-4disc.dat
1 24 100.3 16 0 0 6 0 0 0 6 6 0 0 4-4edge.dat
1 0 100.3 36 0 0 6 0 0 0 6 6 0 0 4-4disc.dat
1 24 100.3 36 0 0 6 0 0 0 6 6 0 0 4-4edge.dat
1 0 100.3 56 0 0 6 0 0 0 6 6 0 0 4-4disc.dat
1 24 100.3 56 0 0 6 0 0 0 6 6 0 0 4-4edge.dat
1 0 100.3 16 20 0 6 0 0 0 6 6 0 0 4-4disc.dat
1 24 100.3 16 20 0 6 0 0 0 6 6 0 0 4-4edge.dat
1 0 100.3 36 20 0 6 0 0 0 6 6 0 0 4-4disc.dat
1 24 100.3 36 20 0 6 0 0 0 6 6 0 0 4-4edge.dat
1 0 100.3 56 20 0 6 0 0 0 6 6 0 0 4-4disc.dat
1 24 100.3 56 20 0 6 0 0 0 6 6 0 0 4-4edge.dat
1 0 100.3 16 40 0 6 0 0 0 6 6 0 0 4-4disc.dat
1 24 100.3 16 40 0 6 0 0 0 6 6 0 0 4-4edge.dat
1 0 100.3 36 40 0 6 0 0 0 6 6 0 0 4-4disc.dat
1 24 100.3 36 40 0 6 0 0 0 6 6 0 0 4-4edge.dat
1 0 100.3 56 40 0 6 0 0 0 6 6 0 0 4-4disc.dat
1 24 100.3 56 40 0 6 0 0 0 6 6 0 0 4-4edge.dat
1 0 100.3 16 60 0 6 0 0 0 6 6 0 0 4-4disc.dat
1 24 100.3 16 60 0 6 0 0 0 6 6 0 0 4-4edge.dat
1 0 100.3 36 60 0 6 0 0 0 6 6 0 0 4-4disc.dat
1 24 100.3 36 60 0 6 0 0 0 6 6 0 0 4-4edge.dat
1 0 100.3 56 60 0 6 0 0 0 6 6 0 0 4-4disc.dat
1 24 100.3 56 60 0 6 0 0 0 6 6 0 0 4-4edge.dat
4 15 -54 4 100 -54 14 100 -54 14 102 -54 4 102
4 15 -36 4 100 -36 4 102 -36 14 102 -36 14 100
4 15 -54 4 100 -54 4 102 -36 4 102 -36 4 100
4 15 -54 14 100 -36 14 100 -36 14 102 -54 14 102
4 15 -54 4 100 -36 4 100 -36 14 100 -54 14 100
4 15 -54 4 102 -54 14 102 -36 14 102 -36 4 102
2 24 -54 4 100 -54 4 102
2 24 -54 4 100 -54 14 100
2 24 -54 4 100 -36 4 100
2 24 -54 4 102 -54 14 102
2 24 -54 4 102 -36 4 102
2 24 -54 14 100 -54 14 102
2 24 -54 14 100 -36 14 100
2 24 -54 14 102 -36 14 102
2 24 -36 4 100 -36 4 102
2 24 -36 4 100 -36 14 100
2 24 -36 4 102 -36 14 102
2 24 -36 14 100 -36 14 102
4 15 -24 4 100 -24 14 100 -24 14 102 -24 4 102
4 15 -6 4 100 -6 4 102 -6 14 102 -6 14 100
4 15 -24 4 100 -24 4 102 -6 4 102 -6 4 100
4 15 -24 14 100 -6 14 100 -6 14 102 -24 14 102
4 15 -24 4 100 -6 4 100 -6 14 100 -24 14 100
4 15 -24 4 102 -24 14 102 -6 14 102 -6 4 102
2 24 -24 4 100 -24 4 102
2 24 -24 4 100 -24 14 100
2 24 -24 4 100 -6 4 100
2 24 -24 4 102 -24 14 102
2 24 -24 4 102 -6 4 102
2 24 -24 14 100 -24 14 102
2 24 -24 14 100 -6 14 100
2 24 -24 14 102 -6 14 102
2 24 -6 4 100 -6 4 102
2 24 -6 4 100 -6 14 100
2 24 -6 4 102 -6 14 102
2 24 -6 14 100 -6 14 102
4 15 6 4 100 6 14 100 6 14 102 6 4 102
4 15 24 4 100 24 4 102 24 14 102 24 14 100
4 15 6 4 100 6 4 102 24 4 102 24 4 100
4 15 6 14 100 24 14 100 24 14 102 6 14 102
4 15 6 4 100 24 4 100 24 14 100 6 14 100
4 15 6 4 102 6 14 102 24 14 102 24 4 102
2 24 6 4 100 6 4 102
2 24 6 4 100 6 14 100
2 24 6 4 100 24 4 100
2 24 6 4 102 6 14 102
2 24 6 4 102 24 4 102
2 24 6 14 100 6 14 102
2 24 6 14 100 24 14 100
2 24 6 14 102 24 14 102
2 24 24 4 100 24 4 102
2 24 24 4 100 24 14 100
2 24 24 4 102 24 14 102
2 24 24 14 100 24 14 102
4 15 36 4 100 36 14 100 36 14 102 36 4 102
4 15 54 4 100 54 4 102 54 14 102 54 14 100
4 15 36 4 100 36 4 102 54 4 102 54 4 100
4 15 36 14 100 54 14 100 54 14 102 36 14 102
4 15 36 4 100 54 4 100 54 14 100 36 14 100
4 15 36 4 102 36 14 102 54 14 102 54 4 102
2 24 36 4 100 36 4 102
2 24 36 4 100 36 14 100
2 24 36 4 100 54 4 100
2 24 36 4 102 36 14 102
2 24 36 4 102 54 4 102
2 24 36 14 100 36 14 102
2 24 36 14 100 54 14 100
2 24 36 14 102 54 14 102
2 24 54 4 100 54 4 102
2 24 54 4 100 54 14 100
2 24 54 4 102 54 14 102
2 24 54 14 100 54 14 102
4 15 -54 4 -102 -54 14 -102 -54 14 -100 -54 4 -100
4 15 -36 4 -102 -36 4 -100 -36 14 -100 -36 14 -102
4 15 -54 4 -102 -54 4 -100 -36 4 -100 -36 4 -102
4 15 -54 14 -102 -36 14 -102 -36 14 -100 -54 14 -100
4 15 -54 4 -102 -36 4 -102 -36 14 -102 -54 14 -102
4 15 -54 4 -100 -54 14 -100 -36 14 -100 -36 4 -100
2 24 -54 4 -102 -54 4 -100
2 24 -54 4 -102 -54 14 -102
2 24 -54 4 -102 -36 4 -102
2 24 -54 4 -100 -54 14 -100
2 24 -54 4 -100 -36 4 -100
2 24 -54 14 -102 -54 14 -100
2 24 -54 14 -102 -36 14 -102
2 24 -54 14 -100 -36 14 -100
2 24 -36 4 -102 -36 4 -100
2 24 -36 4 -102 -36 14 -102
2 24 -36 4 -100 -36 14 -100
2 24 -36 14 -102 -36 14 -100
4 15 -24 4 -102 -24 14 -102 -24 14 -100 -24 4 -100
4 15 -6 4 -102 -6 4 -100 -6 14 -100 -6 14 -102
4 15 -24 4 -102 -24 4 -100 -6 4 -100 -6 4 -102
4 15 -24 14 -102 -6 14 -102 -6 14 -100 -24 14 -100
4 15 -24 4 -102 -6 4 -102 -6 14 -102 -24 14 -102
4 15 -24 4 -100 -24 14 -100 -6 14 -100 -6 4 -100
2 24 -24 4 -102 -24 4 -100
2 24 -24 4 -102 -24 14 -102
2 24 -24 4 -102 -6 4 -102
2 24 -24 4 -100 -24 14 -100
2 24 -24 4 -100 -6 4 -100
2 24 -24 14 -102 -24 14 -100
2 24 -24 14 -102 -6 14 -102
2 24 -24 14 -100 -6 14 -100
2 24 -6 4 -102 -6 4 -100
2 24 -6 4 -102 -6 14 -102
2 24 -6 4 -100 -6 14 -100
2 24 -6 14 -102 -6 14 -100
4 15 6 4 -102 6 14 -102 6 14 -100 6 4 -100
4 15 24 4 -102 24 4 -100 24 14 -100 24 14 -102
4 15 6 4 -102 6 4 -100 24 4 -100 24 4 -102
4 15 6 14 -102 24 14 -102 24 14 -100 6 14 -100
4 15 6 4 -102 24 4 -102 24 14 -102 6 14 -102
4 15 6 4 -100 6 14 -100 24 14 -100 24 4 -100
2 24 6 4 -102 6 4 -100
2 24 6 4 -102 6 14 -102
2 24 6 4 -102 24 4 -102
2 24 6 4 -100 6 14 -100
2 24 6 4 -100 24 4 -100
2 24 6 14 -102 6 14 -100
2 24 6 14 -102 24 14 -102
2 24 6 14 -100 24 14 -100
2 24 24 4 -102 24 4 -100
2 24 24 4 -102 24 14 -102
2 24 24 4 -100 24 14 -100
2 24 24 14 -102 24 14 -100
4 15 36 4 -102 36 14 -102 36 14 -100 36 4 -100
4 15 54 4 -102 54 4 -100 54 14 -100 54 14 -102
4 15 36 4 -102 36 4 -100 54 4 -100 54 4 -102
4 15 36 14 -102 54 14 -102 54 14 -100 36 14 -100
4 15 36 4 -102 54 4 -102 54 14 -102 36 14 -102
4 15 36 4 -100 36 14 -100 54 14 -100 54 4 -100
2 24 36 4 -102 36 4 -100
2 24 36 4 -102 36 14 -102
2 24 36 4 -102 54 4 -102
2 24 36 4 -100 36 14 -100
2 24 36 4 -100 54 4 -100
2 24 36 14 -102 36 14 -100
2 24 36 14 -102 54 14 -102
2 24 36 14 -100 54 14 -100
2 24 54 4 -102 54 4 -100
2 24 54 4 -102 54 14 -102
2 24 54 4 -100 54 14 -100
2 24 54 14 -102 54 14 -100
4 72 -22 40 100 -22 70 100 -22 70 101.5 -22 40 101.5
4 72 22 40 100 22 40 101.5 22 70 101.5 22 70 100
4 72 -22 40 100 -22 40 101.5 22 40 101.5 22 40 100
4 72 -22 70 100 22 70 100 22 70 101.5 -22 70 101.5
4 72 -22 40 100 22 40 100 22 70 100 -22 70 100
4 72 -22 40 101.5 -22 70 101.5 22 70 101.5 22 40 101.5
2 24 -22 40 100 -22 40 101.5
2 24 -22 40 100 -22 70 100
2 24 -22 40 100 22 40 100
2 24 -22 40 101.5 -22 70 101.5
2 24 -22 40 101.5 22 40 101.5
2 24 -22 70 100 -22 70 101.5
2 24 -22 70 100 22 70 100
2 24 -22 70 101.5 22 70 101.5
2 24 22 40 100 22 40 101.5
2 24 22 40 100 22 70 100
2 24 22 40 101.5 22 70 101.5
2 24 22 70 100 22 70 101.5
4 0 -70 36 100.5 -70 70 100.5 -32 70 100.5 -32 36 100.5
2 24 -70 36 100.2 -70 36 100.5
2 24 -70 36 100.2 -70 70 100.2
2 24 -70 36 100.2 -32 36 100.2
2 24 -70 36 100.5 -70 70 100.5
2 24 -70 36 100.5 -32 36 100.5
2 24 -70 70 100.2 -70 70 100.5
2 24 -70 70 100.2 -32 70 100.2
2 24 -70 70 100.5 -32 70 100.5
2 24 -32 36 100.2 -32 36 100.5
2 24 -32 36 100.2 -32 70 100.2
2 24 -32 36 100.5 -32 70 100.5
2 24 -32 70 100.2 -32 70 100.5
4 0 32 36 100.5 32 70 100.5 70 70 100.5 70 36 100.5
2 24 32 36 100.2 32 36 100.5
2 24 32 36 100.2 32 70 100.2
2 24 32 36 100.2 70 36 100.2
2 24 32 36 100.5 32 70 100.5
2 24 32 36 100.5 70 36 100.5
2 24 32 70 100.2 32 70 100.5
2 24 32 70 100.2 70 70 100.2
2 24 32 70 100.5 70 70 100.5
2 24 70 36 100.2 70 36 100.5
2 24 70 36 100.2 70 70 100.2
2 24 70 36 100.5 70 70 100.5
2 24 70 70 100.2 70 70 100.5
