0 Neobot LED cable to OUT3
0 Name: nb_cable_LED.dat
0 Author: neobot-class
0 !LDRAW_ORG Unofficial_Part
0 BFC NOCERTIFY
1 15 -80 -12 106 0 0 -3.2 3.2 0 0 0 10 0 4-4cyli.dat
1 15 -80 -12 116 0 65 0 -3.2 0 0 0 0 -3.2 4-4cyli.dat
1 15 -15 -12 116 0 0 -3.2 0 21 0 -3.2 0 0 4-4cyli.dat
1 15 -15 9 116 0 0 -3.2 -3.2 0 -0 0 -10 -0 4-4cyli.dat
4 15 -22 4 101 -22 14 101 -22 14 108 -22 4 108
4 15 -8 4 101 -8 4 108 -8 14 108 -8 14 101
4 15 -22 4 101 -22 4 108 -8 4 108 -8 4 101
4 15 -22 14 101 -8 14 101 -8 14 108 -22 14 108
4 15 -22 4 101 -8 4 101 -8 14 101 -22 14 101
4 15 -22 4 108 -22 14 108 -8 14 108 -8 4 108
2 24 -22 4 101 -22 4 108
2 24 -22 4 101 -22 14 101
2 24 -22 4 101 -8 4 101
2 24 -22 4 108 -22 14 108
2 24 -22 4 108 -8 4 108
2 24 -22 14 101 -22 14 108
2 24 -22 14 101 -8 14 101
2 24 -22 14 108 -8 14 108
2 24 -8 4 101 -8 4 108
2 24 -8 4 101 -8 14 101
2 24 -8 4 108 -8 14 108
2 24 -8 14 101 -8 14 108
