0 Neobot motor cable R
0 Name: nb_cable_R.dat
0 Author: neobot-class
0 !LDRAW_ORG Unofficial_Part
0 BFC NOCERTIFY
1 15 -60 78 100 0 0 -3.2 3.2 0 0 0 24 0 4-4cyli.dat
1 15 -60 78 124 -0 4.8 -3.19229 0 -69 -0.222072 3.2 0 0 4-4cyli.dat
1 15 -55.2 9 124 0 10.2 0 -3.2 0 0 0 0 -3.2 4-4cyli.dat
1 15 -45 9 124 0 0 -3.2 -3.2 0 -0 0 -18 -0 4-4cyli.dat
4 15 -52 4 101 -52 14 101 -52 14 108 -52 4 108
4 15 -38 4 101 -38 4 108 -38 14 108 -38 14 101
4 15 -52 4 101 -52 4 108 -38 4 108 -38 4 101
4 15 -52 14 101 -38 14 101 -38 14 108 -52 14 108
4 15 -52 4 101 -38 4 101 -38 14 101 -52 14 101
4 15 -52 4 108 -52 14 108 -38 14 108 -38 4 108
2 24 -52 4 101 -52 4 108
2 24 -52 4 101 -52 14 101
2 24 -52 4 101 -38 4 101
2 24 -52 4 108 -52 14 108
2 24 -52 4 108 -38 4 108
2 24 -52 14 101 -52 14 108
2 24 -52 14 101 -38 14 101
2 24 -52 14 108 -38 14 108
2 24 -38 4 101 -38 4 108
2 24 -38 4 101 -38 14 101
2 24 -38 4 108 -38 14 108
2 24 -38 14 101 -38 14 108
