0 Neobot LED block (approx)
0 Name: nb_led.dat
0 Author: neobot-class
0 !LDRAW_ORG Unofficial_Part
0 BFC NOCERTIFY
4 14 -20 0 -40 -20 -24 -40 -20 -24 40 -20 0 40
4 14 20 0 -40 20 0 40 20 -24 40 20 -24 -40
4 14 -20 -24 -40 20 -24 -40 20 -24 40 -20 -24 40
4 14 -20 0 -40 20 0 -40 20 -24 -40 -20 -24 -40
4 14 -20 0 40 -20 -24 40 20 -24 40 20 0 40
2 24 -20 0 -40 -20 0 40
2 24 -20 0 -40 -20 -24 -40
2 24 -20 0 -40 20 0 -40
2 24 -20 0 40 -20 -24 40
2 24 -20 0 40 20 0 40
2 24 -20 -24 -40 -20 -24 40
2 24 -20 -24 -40 20 -24 -40
2 24 -20 -24 40 20 -24 40
2 24 20 0 -40 20 0 40
2 24 20 0 -40 20 -24 -40
2 24 20 0 40 20 -24 40
2 24 20 -24 -40 20 -24 40
4 47 -19 -24 -39 -19 -30 -39 -19 -30 39 -19 -24 39
4 47 19 -24 -39 19 -24 39 19 -30 39 19 -30 -39
4 47 -19 -24 -39 -19 -24 39 19 -24 39 19 -24 -39
4 47 -19 -30 -39 19 -30 -39 19 -30 39 -19 -30 39
4 47 -19 -24 -39 19 -24 -39 19 -30 -39 -19 -30 -39
4 47 -19 -24 39 -19 -30 39 19 -30 39 19 -24 39
2 24 -19 -24 -39 -19 -24 39
2 24 -19 -24 -39 -19 -30 -39
2 24 -19 -24 -39 19 -24 -39
2 24 -19 -24 39 -19 -30 39
2 24 -19 -24 39 19 -24 39
2 24 -19 -30 -39 -19 -30 39
2 24 -19 -30 -39 19 -30 -39
2 24 -19 -30 39 19 -30 39
2 24 19 -24 -39 19 -24 39
2 24 19 -24 -39 19 -30 -39
2 24 19 -24 39 19 -30 39
2 24 19 -30 -39 19 -30 39
4 2 -14 -24.5 -34 -14 -24.5 34 14 -24.5 34 14 -24.5 -34
2 24 -14 -24.5 -34 -14 -24.5 34
2 24 -14 -24.5 -34 -14 -25 -34
2 24 -14 -24.5 -34 14 -24.5 -34
2 24 -14 -24.5 34 -14 -25 34
2 24 -14 -24.5 34 14 -24.5 34
2 24 -14 -25 -34 -14 -25 34
2 24 -14 -25 -34 14 -25 -34
2 24 -14 -25 34 14 -25 34
2 24 14 -24.5 -34 14 -24.5 34
2 24 14 -24.5 -34 14 -25 -34
2 24 14 -24.5 34 14 -25 34
2 24 14 -25 -34 14 -25 34
4 15 -7 -25 -32 -7 -28 -32 -7 -28 -18 -7 -25 -18
4 15 7 -25 -32 7 -25 -18 7 -28 -18 7 -28 -32
4 15 -7 -25 -32 -7 -25 -18 7 -25 -18 7 -25 -32
4 15 -7 -28 -32 7 -28 -32 7 -28 -18 -7 -28 -18
4 15 -7 -25 -32 7 -25 -32 7 -28 -32 -7 -28 -32
4 15 -7 -25 -18 -7 -28 -18 7 -28 -18 7 -25 -18
2 24 -7 -25 -32 -7 -25 -18
2 24 -7 -25 -32 -7 -28 -32
2 24 -7 -25 -32 7 -25 -32
2 24 -7 -25 -18 -7 -28 -18
2 24 -7 -25 -18 7 -25 -18
2 24 -7 -28 -32 -7 -28 -18
2 24 -7 -28 -32 7 -28 -32
2 24 -7 -28 -18 7 -28 -18
2 24 7 -25 -32 7 -25 -18
2 24 7 -25 -32 7 -28 -32
2 24 7 -25 -18 7 -28 -18
2 24 7 -28 -32 7 -28 -18
1 14 0 -28.2 -25 5 0 0 0 1 0 0 0 5 4-4disc.dat
1 0 -20.3 -12 14 0 6 0 0 0 6 6 0 0 4-4disc.dat
1 24 -20.3 -12 14 0 6 0 0 0 6 6 0 0 4-4edge.dat
1 0 20.3 -12 14 0 6 0 0 0 6 6 0 0 4-4disc.dat
1 24 20.3 -12 14 0 6 0 0 0 6 6 0 0 4-4edge.dat
1 0 -20.3 -12 30 0 6 0 0 0 6 6 0 0 4-4disc.dat
1 24 -20.3 -12 30 0 6 0 0 0 6 6 0 0 4-4edge.dat
1 0 20.3 -12 30 0 6 0 0 0 6 6 0 0 4-4disc.dat
1 24 20.3 -12 30 0 6 0 0 0 6 6 0 0 4-4edge.dat
4 15 -5 -8 40 -5 -16 40 -5 -16 46 -5 -8 46
4 15 5 -8 40 5 -8 46 5 -16 46 5 -16 40
4 15 -5 -8 40 -5 -8 46 5 -8 46 5 -8 40
4 15 -5 -16 40 5 -16 40 5 -16 46 -5 -16 46
4 15 -5 -8 40 5 -8 40 5 -16 40 -5 -16 40
4 15 -5 -8 46 -5 -16 46 5 -16 46 5 -8 46
2 24 -5 -8 40 -5 -8 46
2 24 -5 -8 40 -5 -16 40
2 24 -5 -8 40 5 -8 40
2 24 -5 -8 46 -5 -16 46
2 24 -5 -8 46 5 -8 46
2 24 -5 -16 40 -5 -16 46
2 24 -5 -16 40 5 -16 40
2 24 -5 -16 46 5 -16 46
2 24 5 -8 40 5 -8 46
2 24 5 -8 40 5 -16 40
2 24 5 -8 46 5 -16 46
2 24 5 -16 40 5 -16 46
