0 Neobot Motor Block (approx)
0 Name: nb_motor.dat
0 Author: neobot-class
0 !LDRAW_ORG Unofficial_Part
0 BFC NOCERTIFY
4 0 -40 0 -60 -40 72 -60 -40 72 60 -40 0 60
4 0 40 0 -60 40 0 60 40 72 60 40 72 -60
4 0 -40 0 -60 -40 0 60 40 0 60 40 0 -60
4 0 -40 72 -60 40 72 -60 40 72 60 -40 72 60
4 0 -40 0 -60 40 0 -60 40 72 -60 -40 72 -60
4 0 -40 0 60 -40 72 60 40 72 60 40 0 60
2 24 -40 0 -60 -40 0 60
2 24 -40 0 -60 -40 72 -60
2 24 -40 0 -60 40 0 -60
2 24 -40 0 60 -40 72 60
2 24 -40 0 60 40 0 60
2 24 -40 72 -60 -40 72 60
2 24 -40 72 -60 40 72 -60
2 24 -40 72 60 40 72 60
2 24 40 0 -60 40 0 60
2 24 40 0 -60 40 72 -60
2 24 40 0 60 40 72 60
2 24 40 72 -60 40 72 60
1 16 -30 0 -50 1 0 0 0 1 0 0 0 1 stud.dat
1 16 -30 0 -30 1 0 0 0 1 0 0 0 1 stud.dat
1 16 -30 0 -10 1 0 0 0 1 0 0 0 1 stud.dat
1 16 -30 0 10 1 0 0 0 1 0 0 0 1 stud.dat
1 16 -30 0 30 1 0 0 0 1 0 0 0 1 stud.dat
1 16 -30 0 50 1 0 0 0 1 0 0 0 1 stud.dat
1 16 -10 0 -50 1 0 0 0 1 0 0 0 1 stud.dat
1 16 -10 0 -30 1 0 0 0 1 0 0 0 1 stud.dat
1 16 -10 0 -10 1 0 0 0 1 0 0 0 1 stud.dat
1 16 -10 0 10 1 0 0 0 1 0 0 0 1 stud.dat
1 16 -10 0 30 1 0 0 0 1 0 0 0 1 stud.dat
1 16 -10 0 50 1 0 0 0 1 0 0 0 1 stud.dat
1 16 10 0 -50 1 0 0 0 1 0 0 0 1 stud.dat
1 16 10 0 -30 1 0 0 0 1 0 0 0 1 stud.dat
1 16 10 0 -10 1 0 0 0 1 0 0 0 1 stud.dat
1 16 10 0 10 1 0 0 0 1 0 0 0 1 stud.dat
1 16 10 0 30 1 0 0 0 1 0 0 0 1 stud.dat
1 16 10 0 50 1 0 0 0 1 0 0 0 1 stud.dat
1 16 30 0 -50 1 0 0 0 1 0 0 0 1 stud.dat
1 16 30 0 -30 1 0 0 0 1 0 0 0 1 stud.dat
1 16 30 0 -10 1 0 0 0 1 0 0 0 1 stud.dat
1 16 30 0 10 1 0 0 0 1 0 0 0 1 stud.dat
1 16 30 0 30 1 0 0 0 1 0 0 0 1 stud.dat
1 16 30 0 50 1 0 0 0 1 0 0 0 1 stud.dat
1 72 -40.3 56 -20 0 6 0 0 0 6 6 0 0 4-4disc.dat
1 72 -40.3 16 0 0 6 0 0 0 6 6 0 0 4-4disc.dat
1 72 -40.3 36 0 0 6 0 0 0 6 6 0 0 4-4disc.dat
1 72 -40.3 56 0 0 6 0 0 0 6 6 0 0 4-4disc.dat
1 72 -40.3 16 20 0 6 0 0 0 6 6 0 0 4-4disc.dat
1 14 -40.3 36 20 0 7 0 0 0 7 7 0 0 4-4disc.dat
1 72 -40.3 56 20 0 6 0 0 0 6 6 0 0 4-4disc.dat
1 72 -40.3 16 40 0 6 0 0 0 6 6 0 0 4-4disc.dat
1 72 -40.3 36 40 0 6 0 0 0 6 6 0 0 4-4disc.dat
1 72 -40.3 56 40 0 6 0 0 0 6 6 0 0 4-4disc.dat
1 72 40.3 56 -20 0 6 0 0 0 6 6 0 0 4-4disc.dat
1 72 40.3 16 0 0 6 0 0 0 6 6 0 0 4-4disc.dat
1 72 40.3 36 0 0 6 0 0 0 6 6 0 0 4-4disc.dat
1 72 40.3 56 0 0 6 0 0 0 6 6 0 0 4-4disc.dat
1 72 40.3 16 20 0 6 0 0 0 6 6 0 0 4-4disc.dat
1 14 40.3 36 20 0 7 0 0 0 7 7 0 0 4-4disc.dat
1 72 40.3 56 20 0 6 0 0 0 6 6 0 0 4-4disc.dat
1 72 40.3 16 40 0 6 0 0 0 6 6 0 0 4-4disc.dat
1 72 40.3 36 40 0 6 0 0 0 6 6 0 0 4-4disc.dat
1 72 40.3 56 40 0 6 0 0 0 6 6 0 0 4-4disc.dat
4 15 -6 0 -62 -6 10 -62 -6 10 -60 -6 0 -60
4 15 6 0 -62 6 0 -60 6 10 -60 6 10 -62
4 15 -6 0 -62 -6 0 -60 6 0 -60 6 0 -62
4 15 -6 10 -62 6 10 -62 6 10 -60 -6 10 -60
4 15 -6 0 -62 6 0 -62 6 10 -62 -6 10 -62
4 15 -6 0 -60 -6 10 -60 6 10 -60 6 0 -60
2 24 -6 0 -62 -6 0 -60
2 24 -6 0 -62 -6 10 -62
2 24 -6 0 -62 6 0 -62
2 24 -6 0 -60 -6 10 -60
2 24 -6 0 -60 6 0 -60
2 24 -6 10 -62 -6 10 -60
2 24 -6 10 -62 6 10 -62
2 24 -6 10 -60 6 10 -60
2 24 6 0 -62 6 0 -60
2 24 6 0 -62 6 10 -62
2 24 6 0 -60 6 10 -60
2 24 6 10 -62 6 10 -60
