0 Neobot Big Wheel 56x9 (approx)
0 Name: nb_wheel_big.dat
0 Author: neobot-class
0 !LDRAW_ORG Unofficial_Part
0 BFC NOCERTIFY
1 0 0 0 0 70 0 0 0 22.5 0 0 0 70 4-4cyli.dat
1 0 0 0 0 70 0 0 0 1 0 0 0 70 4-4disc.dat
1 24 0 0 0 70 0 0 0 1 0 0 0 70 4-4edge.dat
1 24 0 22.5 0 70 0 0 0 1 0 0 0 70 4-4edge.dat
1 0 0 22.5 0 70 0 0 0 1 0 0 0 70 4-4disc.dat
1 151 0 -0.4 0 56 0 0 0 1 0 0 0 56 4-4disc.dat
1 151 0 22.9 0 56 0 0 0 1 0 0 0 56 4-4disc.dat
1 151 -48 -0.4 0 1 0 0 0 1 0 0 0 1 stud.dat
1 151 -32 -0.4 -32 1 0 0 0 1 0 0 0 1 stud.dat
1 151 -32 -0.4 -16 1 0 0 0 1 0 0 0 1 stud.dat
1 151 -32 -0.4 0 1 0 0 0 1 0 0 0 1 stud.dat
1 151 -32 -0.4 16 1 0 0 0 1 0 0 0 1 stud.dat
1 151 -32 -0.4 32 1 0 0 0 1 0 0 0 1 stud.dat
1 151 -16 -0.4 -32 1 0 0 0 1 0 0 0 1 stud.dat
1 151 -16 -0.4 -16 1 0 0 0 1 0 0 0 1 stud.dat
1 151 -16 -0.4 16 1 0 0 0 1 0 0 0 1 stud.dat
1 151 -16 -0.4 32 1 0 0 0 1 0 0 0 1 stud.dat
1 151 0 -0.4 -48 1 0 0 0 1 0 0 0 1 stud.dat
1 151 0 -0.4 -32 1 0 0 0 1 0 0 0 1 stud.dat
1 151 0 -0.4 32 1 0 0 0 1 0 0 0 1 stud.dat
1 151 0 -0.4 48 1 0 0 0 1 0 0 0 1 stud.dat
1 151 16 -0.4 -32 1 0 0 0 1 0 0 0 1 stud.dat
1 151 16 -0.4 -16 1 0 0 0 1 0 0 0 1 stud.dat
1 151 16 -0.4 16 1 0 0 0 1 0 0 0 1 stud.dat
1 151 16 -0.4 32 1 0 0 0 1 0 0 0 1 stud.dat
1 151 32 -0.4 -32 1 0 0 0 1 0 0 0 1 stud.dat
1 151 32 -0.4 -16 1 0 0 0 1 0 0 0 1 stud.dat
1 151 32 -0.4 0 1 0 0 0 1 0 0 0 1 stud.dat
1 151 32 -0.4 16 1 0 0 0 1 0 0 0 1 stud.dat
1 151 32 -0.4 32 1 0 0 0 1 0 0 0 1 stud.dat
1 151 48 -0.4 0 1 0 0 0 1 0 0 0 1 stud.dat
1 0 0 -0.8 0 5 0 0 0 1 0 0 0 5 4-4disc.dat
